- loss: 23.353639602661133
  n_batches: 1
- loss: 55.90272521972656
  n_batches: 2
